num_class = 12
batch_size = 64
learning_rate = 0.0001
num_epochs = 100
sequence_len = 250 * 5
overlap = int(sequence_len * 0.3)
alpha = 0.1

Fold1
              precision    recall  f1-score   support

           0     1.0000    1.0000    1.0000        26
           1     0.7200    0.6923    0.7059        26
           2     0.7812    1.0000    0.8772        25
           3     0.7273    0.6154    0.6667        26
           4     0.7037    0.7600    0.7308        25
           5     0.7143    0.7692    0.7407        26
           6     0.5278    0.7308    0.6129        26
           7     0.8276    0.9600    0.8889        25
           8     1.0000    1.0000    1.0000        26
           9     0.7778    0.2800    0.4118        25
          10     0.8077    0.8077    0.8077        26
          11     0.9545    0.8077    0.8750        26

    accuracy                         0.7857       308
   macro avg     0.7952    0.7853    0.7765       308
weighted avg     0.7955    0.7857    0.7771       308

Fold2
              precision    recall  f1-score   support

           0     0.8929    0.9615    0.9259        26
           1     0.7188    0.8846    0.7931        26
           2     0.6562    0.8400    0.7368        25
           3     0.5556    0.3846    0.4545        26
           4     0.6667    0.7200    0.6923        25
           5     0.6800    0.6538    0.6667        26
           6     0.6923    0.6923    0.6923        26
           7     0.8929    1.0000    0.9434        25
           8     1.0000    1.0000    1.0000        26
           9     0.7037    0.7600    0.7308        25
          10     0.8125    0.5000    0.6190        26
          11     1.0000    0.8846    0.9388        26

    accuracy                         0.7727       308
   macro avg     0.7726    0.7735    0.7661       308
weighted avg     0.7732    0.7727    0.7660       308

Fold3
              precision    recall  f1-score   support

           0     1.0000    1.0000    1.0000        26
           1     0.6000    0.7200    0.6545        25
           2     0.8125    1.0000    0.8966        26
           3     0.7333    0.4231    0.5366        26
           4     0.6667    0.8800    0.7586        25
           5     0.6765    0.8846    0.7667        26
           6     0.5806    0.7200    0.6429        25
           7     0.5778    1.0000    0.7324        26
           8     1.0000    1.0000    1.0000        26
           9     1.0000    0.6000    0.7500        25
          10     1.0000    0.5385    0.7000        26
          11     1.0000    0.2400    0.3871        25

    accuracy                         0.7524       307
   macro avg     0.8039    0.7505    0.7354       307
weighted avg     0.8045    0.7524    0.7370       307

Fold4
              precision    recall  f1-score   support

           0     1.0000    1.0000    1.0000        26
           1     0.7500    0.3600    0.4865        25
           2     0.9630    1.0000    0.9811        26
           3     0.8947    0.6538    0.7556        26
           4     0.7222    0.5200    0.6047        25
           5     0.7586    0.8462    0.8000        26
           6     0.6333    0.7600    0.6909        25
           7     0.9615    0.9615    0.9615        26
           8     1.0000    1.0000    1.0000        26
           9     0.5357    0.6000    0.5660        25
          10     0.5854    0.9231    0.7164        26
          11     0.9600    0.9600    0.9600        25

    accuracy                         0.8013       307
   macro avg     0.8137    0.7987    0.7936       307
weighted avg     0.8152    0.8013    0.7957       307

Fold5
              precision    recall  f1-score   support

           0     0.9630    1.0000    0.9811        26
           1     0.6452    0.8000    0.7143        25
           2     0.9130    0.8077    0.8571        26
           3     0.7037    0.7600    0.7308        25
           4     0.6000    0.8077    0.6885        26
           5     0.7692    0.7692    0.7692        26
           6     0.5385    0.5600    0.5490        25
           7     0.9600    0.9231    0.9412        26
           8     1.0000    1.0000    1.0000        25
           9     0.7500    0.5769    0.6522        26
          10     0.7500    0.4615    0.5714        26
          11     0.9231    0.9600    0.9412        25

    accuracy                         0.7850       307
   macro avg     0.7930    0.7855    0.7830       307
weighted avg     0.7935    0.7850    0.7829       307

Fold6
              precision    recall  f1-score   support

           0     1.0000    0.9615    0.9804        26
           1     0.6552    0.7600    0.7037        25
           2     0.7647    1.0000    0.8667        26
           3     0.7391    0.6800    0.7083        25
           4     0.6471    0.8462    0.7333        26
           5     0.9000    0.6923    0.7826        26
           6     0.5294    0.7200    0.6102        25
           7     0.9286    1.0000    0.9630        26
           8     1.0000    1.0000    1.0000        25
           9     0.9231    0.4615    0.6154        26
          10     0.7895    0.5769    0.6667        26
          11     1.0000    0.9200    0.9583        25

    accuracy                         0.8013       307
   macro avg     0.8231    0.8015    0.7990       307
weighted avg     0.8237    0.8013    0.7991       307

Fold7
              precision    recall  f1-score   support

           0     1.0000    0.8400    0.9130        25
           1     0.8421    0.6154    0.7111        26
           2     0.7879    1.0000    0.8814        26
           3     0.7500    0.4800    0.5854        25
           4     0.5778    1.0000    0.7324        26
           5     0.6538    0.6800    0.6667        25
           6     0.4884    0.8077    0.6087        26
           7     0.8125    1.0000    0.8966        26
           8     1.0000    1.0000    1.0000        25
           9     0.7143    0.5769    0.6383        26
          10     1.0000    0.2400    0.3871        25
          11     1.0000    0.7692    0.8696        26

    accuracy                         0.7524       307
   macro avg     0.8022    0.7508    0.7408       307
weighted avg     0.8010    0.7524    0.7413       307

Fold8
              precision    recall  f1-score   support

           0     1.0000    0.6800    0.8095        25
           1     0.5000    0.5385    0.5185        26
           2     0.7143    0.7692    0.7407        26
           3     0.5000    0.8400    0.6269        25
           4     0.7083    0.6538    0.6800        26
           5     1.0000    0.2000    0.3333        25
           6     0.4444    0.3077    0.3636        26
           7     0.8929    0.9615    0.9259        26
           8     1.0000    1.0000    1.0000        25
           9     0.5641    0.8462    0.6769        26
          10     0.6897    0.8000    0.7407        25
          11     0.9583    0.8846    0.9200        26

    accuracy                         0.7068       307
   macro avg     0.7477    0.7068    0.6947       307
weighted avg     0.7462    0.7068    0.6946       307

Fold9
              precision    recall  f1-score   support

           0     1.0000    0.9600    0.9796        25
           1     0.7000    0.8077    0.7500        26
           2     0.9231    0.9600    0.9412        25
           3     0.7619    0.6154    0.6809        26
           4     0.5000    0.8846    0.6389        26
           5     0.7241    0.8400    0.7778        25
           6     0.5758    0.7308    0.6441        26
           7     0.9231    0.9600    0.9412        25
           8     1.0000    1.0000    1.0000        26
           9     0.8421    0.6154    0.7111        26
          10     1.0000    0.0800    0.1481        25
          11     0.9600    0.9231    0.9412        26

    accuracy                         0.7818       307
   macro avg     0.8258    0.7814    0.7628       307
weighted avg     0.8244    0.7818    0.7629       307

Fold10
              precision    recall  f1-score   support

           0     0.9615    1.0000    0.9804        25
           1     0.6571    0.8846    0.7541        26
           2     0.9231    0.9600    0.9412        25
           3     0.5938    0.7308    0.6552        26
           4     0.7241    0.8077    0.7636        26
           5     0.7059    0.4800    0.5714        25
           6     0.6500    0.5000    0.5652        26
           7     0.9130    0.8400    0.8750        25
           8     1.0000    1.0000    1.0000        26
           9     0.7778    0.8077    0.7925        26
          10     0.7778    0.5600    0.6512        25
          11     0.8571    0.9231    0.8889        26

    accuracy                         0.7915       307
   macro avg     0.7951    0.7912    0.7866       307
weighted avg     0.7941    0.7915    0.7863       307