[[-0.3381, -0.0596],
             [-1.0002, -0.2745],
             [-0.3056, -0.1305],
             [-0.2434, -0.0785],
             [-0.4656, -0.1111],
             [-0.3117, -0.0597],
             [-0.3774, -0.1698],
             [-1.1841, -0.4836],
             [-0.3077, -0.0046],
             [-0.2186, -0.0877],
             [-1.0894, -0.3877],
             [-0.3585, -0.1700],
             [-0.3446, -0.1446],
             [-0.4100, -0.2278],
             [-0.5288, -0.2134],
             [-0.3421, -0.0851],
             [-0.2986, -0.1041],
             [-0.2624, -0.0901],
             [-0.2373, -0.0702],
             [-0.3737, -0.0670],
             [-0.3626, -0.0341],
             [-0.2193, -0.0670],
             [-0.3104, -0.0392],
             [-0.5312, -0.2176],
             [-0.2665, -0.0794],
             [-0.2733, -0.0641],
             [-1.4378, -0.4815],
             [-0.6976, -0.0935],
             [-0.2869, -0.0396],
             [-0.3452, -0.1638],
             [-0.4400, -0.2750],
             [-0.2682, -0.0130],
             [-0.5743, -0.2337],
             [-0.3979, -0.2035],
             [-0.4160, -0.1682],
             [-0.2442, -0.0490],
             [-0.4456, -0.1818],
             [-0.5407, -0.2308],
             [-0.4969, -0.1613],
             [-0.3681, -0.2097],
             [-0.3576, -0.0517],
             [-0.3583, -0.0355],
             [-0.3719, -0.1039],
             [-0.3128, -0.0956],
             [-0.6059, -0.1506],
             [-0.2727, -0.0686],
             [-0.3813, -0.1304],
             [-0.2661, -0.0642],
             [-0.3548, -0.0691],
             [-0.3387, -0.0721],
             [-0.1166, -0.0428],
             [-0.2309, -0.0694],
             [-0.4029, -0.2254],
             [-0.2398, -0.1161],
             [-0.3578, -0.0622],
             [-0.6429, -0.2396],
             [-0.6838, -0.3721],
             [-0.2749, -0.0747],
             [-0.4879, -0.2431],
             [-0.2503, -0.0290],
             [-0.3102, -0.0515],
             [-0.7991, -0.2407],
             [-0.3616, -0.1613],
             [-0.3381, -0.0755]], device='cuda:0', grad_fn=<AliasBackward0>),
 TensorBase([[-0.5300, -0.1389],
             [-0.7256, -0.1157],
             [-0.2774, -0.0329],
             [-0.3312, -0.1340],
             [-0.2132, -0.0736],
             [-0.2401, -0.0346],
             [-0.6872, -0.2272],
             [-0.5405, -0.1982],
             [-0.2434, -0.0511],
             [-0.3758, -0.1120],
             [-0.2640, -0.0568],
             [-0.6866, -0.1398],
             [-0.3125, -0.0579],
             [-0.3029, -0.0606],
             [-0.2420, -0.0707],
             [-0.2628, -0.1238],
             [-0.6128, -0.1542],
             [-0.3316, -0.1258],
             [-0.7763, -0.3251],
             [-0.2759, -0.0429],
             [-0.4241, -0.1499],
             [-0.3497, -0.0477],
             [-0.4261, -0.2331],
             [-0.2401, -0.0356],
             [-0.3331, -0.0564],
             [-0.3163, -0.1060],
             [-0.3689, -0.0778],
             [-0.3467, -0.0722],
             [-0.3239, -0.1025],
             [-0.2842, -0.0965],
             [-0.3072, -0.0797],
             [-0.5678, -0.1116],
             [-0.3817, -0.0357],
             [-0.3873, -0.1424],
             [-0.2867, -0.0639],
             [-0.2582, -0.1201],
             [-0.9079, -0.3420],
             [-0.3577, -0.0866],
             [-0.4814, -0.0394],
             [-0.6853, -0.1366],
             [-0.2622, -0.0270],
             [-0.2713, -0.0729],
             [-0.3331, -0.1289],
             [-0.5932, -0.1259],
             [-0.2603, -0.0857],
             [-1.6895, -0.6290],
             [-0.2260, -0.0680],
             [-0.3691, -0.0680],
             [-0.5308, -0.1812],
             [-0.6353, -0.1779],
             [-0.2865, -0.0677],
             [-0.3120, -0.0658],
             [-0.6628, -0.1713],
             [-0.2905, -0.0774],
             [-0.3077, -0.0482],
             [-0.3115, -0.0854],
             [-0.3752, -0.1015],
             [-0.2351, -0.0470],
             [-0.3586, -0.0805],
             [-0.6083, -0.1289],
             [-0.4470, -0.1868],
             [-0.2137, -0.0278],
             [-0.1993, -0.0353],
             [-0.4846, -0.2931]], 